00000000000000000000000000000000000000011
11111111111111111111111111111111111111111
11111111111111111111111111111111111111111
11111111111111111111111111111111111111111
11111111111111111111111111111111111111111
11111111111111111111111111111111111111111
11111111111111111111111111111111111111111
11111111111111111111111111111111111111111
11111111111111111111111111111111111111111
11111111111111111111111111111111111111111
11111111111111111111111111111111111111111
11111111111111111111111111111111111111111
11111111111111111111111111111111111111111
11111111111111111111111111111111111111111
11111111111111111111111111111111111111111
11111111111111111111111111111111111111111
11111111111111111111111111111111111111111
11111111111111111111111111111111111111111
01111111111111111111111111111111111111111
10011111111111111111111111111111111111111
11100111111111111111111111111111111111111
11101111111111111111111111111111111111111
11111111111111111111111111111111111111111
11111011111111111111111111111111111111111
11111111111111111111111111111111111111111
11111011111111111111111111111111111111111
11111011111111111111111111111111111111111
11111111111111111111111111111111111111111
11111011111111111111111111111111111111111
11110111111111111111111111111111111111111
11111111111111111111111111111111111111111